7      2      1.252101 5.000000 0.003422
6      5      8.500000 5.000000 0.007544
6      7      1.176056 10.000000 0.002189
8      6      1.088757 1.000000 0.007020
12     2      1.652174 5.000000 0.011921
5      10     1.652542 11.000000 0.005179
7      8      1.206271 5.000000 0.014648
9      6      1.695652 12.000000 0.024473
12     4      1.056133 5.000000 0.060403
15     2      2.333333 5.000000 0.010375
7      10     1.071480 5.000000 0.009755
6      11     6.600000 28.000000 0.015999
16     2      1.#INF00 10.000000 0.004432
8      10     1.465116 5.000000 0.009299
5      14     1.158730 5.000000 0.001655
15     5      1.126761 6.000000 0.189873
14     6      1.051026 5.000000 0.047378
11     9      1.531915 5.000000 0.015019
15     6      1.150000 1.000000 0.000936
11     10     2.666667 5.000000 0.310881
16     6      1.104318 5.000000 0.028156
8      14     1.277778 5.000000 0.012624
7      15     1.165746 5.000000 0.005075
17     5      5.400000 22.000000 0.010456
8      15     1.414634 17.000000 0.007451
17     6      2.000000 11.000000 0.008648
4      19     1.082636 5.000000 0.045275
10     13     4.666667 11.000000 0.010305
9      14     1.461538 6.000000 0.017268
20     4      1.086825 5.000000 0.016401
8      16     1.381679 5.000000 0.004361
6      18     1.027505 2.000000 0.011715
7      17     1.375000 5.000000 0.036485
11     13     1.216538 26.000000 0.052862
18     7      1.090634 5.000000 0.007695
10     15     5.363636 16.000000 0.001929
17     8      1.304054 5.000000 0.012765
14     11     2.163636 32.000000 0.001662
9      16     1.140187 5.000000 0.021472
8      18     1.265152 5.000000 0.005976
16     10     5.166667 5.000000 0.002280
14     12     2.100000 11.000000 2.033898
22     4      1.681818 5.000000 0.020870
6      21     1.049844 4.000000 0.005832
11     16     1.092689 5.000000 0.039731
24     3      1.159363 5.000000 0.004095
23     4      1.090859 5.000000 0.018066
17     10     3.500000 5.000000 0.002377
14     13     2.666667 5.000000 1.111111
20     8      1.400000 10.000000 0.001055
7      21     1.159483 5.000000 0.031234
6      22     1.340909 5.000000 0.004348
3      25     1.145455 5.000000 0.004071
4      24     1.090696 5.000000 0.017905
17     11     1.058531 5.000000 0.066116
12     16     1.101010 5.000000 0.005923
14     15     1.211538 11.000000 0.002309
7      22     1.083102 6.000000 0.008239
8      21     1.186813 5.000000 0.031686
16     13     1.088608 5.000000 0.017303
24     5      4.333333 10.000000 0.005885
11     18     4.826087 22.000000 0.001831
29     1      1.148468 7.000000 0.016466
16     14     1.107198 5.000000 0.046389
27     3      1.123596 5.000000 0.009599
17     13     1.043687 5.000000 0.056371
9      21     1.256410 5.000000 0.461538
29     2      1.840000 7.000000 0.012118
1      30     1.172528 10.000000 0.015992
3      28     1.123626 5.000000 0.007682
16     15     2.315789 5.000000 0.003141
19     12     1.071575 5.000000 0.062573
21     10     1.280851 6.000000 0.006397
26     5      1.123024 16.000000 0.034211
17     14     1.948148 32.000000 0.012530
20     12     1.064878 5.000000 0.026371
18     14     1.037344 5.000000 0.028639
29     3      1.123077 2.000000 0.002232
7      25     1.186916 5.000000 0.002975
11     21     5.909091 36.000000 0.001769
18     15     1.125954 11.000000 1.100917
17     16     1.174689 5.000000 0.028974
18     16     1.126936 5.000000 0.018073
29     5      1.340909 3.000000 0.009318
24     10     1.113924 6.000000 0.003203
22     12     1.294118 5.000000 0.006237
29     6      1.025753 1.000000 0.047954
14     21     1.050349 5.000000 0.021243
17     18     1.588235 5.000000 0.001429
10     25     1.099432 5.000000 0.003462
23     12     1.079780 5.000000 0.032046
31     4      1.081864 5.000000 0.030533
6      30     1.037895 2.000000 0.024119
29     7      1.211454 6.000000 0.003395
14     22     1.192308 5.000000 0.011257
15     21     21.000000 10.000000 0.000941
12     24     1.118337 11.000000 0.024175
4      32     1.073477 5.000000 0.036290
28     8      1.113670 5.000000 0.057484
16     20     1.909091 5.000000 1.090909
16     21     1.091400 5.000000 0.014210
7      30     1.204082 6.000000 0.002055
15     22     1.566327 37.000000 0.007461
27     10     1.118980 6.000000 0.005951
24     13     1.650000 26.000000 0.003623
8      29     1.119191 6.000000 0.042433
8      30     1.569620 5.000000 0.003609
16     22     2.500000 5.000000 0.017026
10     28     7.176471 63.000000 0.003964
7      31     1.238095 14.000000 0.005849
17     21     1.304348 5.000000 0.007585
29     9      1.150943 5.000000 0.013632
20     19     1.073582 5.000000 0.030827
29     10     1.789474 5.000000 0.001543
21     18     1.275410 18.000000 0.021670
35     4      1.139665 5.000000 0.017490
8      31     1.625000 5.000000 0.006893
33     6      1.692308 6.000000 0.005477
9      30     1.132979 5.000000 0.017523
29     11     1.059041 1.000000 0.008019
10     30     1.046799 5.000000 0.030036
6      34     1.228571 4.000000 0.004042
4      36     1.140737 5.000000 0.032125
24     16     1.182927 5.000000 0.003070
21     19     1.066185 5.000000 0.097089
39     2      1.909091 5.000000 0.000594
29     12     1.111111 1.000000 0.002349
11     30     1.211082 5.000000 0.008916
10     31     1.041472 5.000000 0.073177
33     8      1.161871 5.000000 0.004972
4      37     1.221739 6.000000 0.010402
24     17     1.218023 5.000000 0.011900
22     19     1.260204 6.000000 0.012959
16     25     1.165517 6.000000 0.002713
26     15     3.000000 11.000000 0.001071
35     6      1.200000 5.000000 0.005520
29     13     1.064865 2.000000 0.003215
19     23     1.088145 5.000000 0.034142
24     18     1.666667 11.000000 0.000593
12     30     2.250000 5.000000 0.001363
17     25     1.251479 5.000000 0.009825
38     4      1.476190 5.000000 0.007830
8      34     1.225352 6.000000 0.005496
22     20     1.215517 5.000000 0.007220
26     16     2.666667 5.000000 0.003779
20     23     1.110325 6.000000 0.013868
29     14     1.058663 1.000000 0.018610
24     19     1.072952 5.000000 0.025692
8      35     6.225806 54.000000 0.002509
4      39     1.280899 5.000000 0.006963
12     31     1.049463 5.000000 0.030798
13     30     1.342857 6.000000 0.007325
16     27     1.909091 5.000000 0.003775
29     15     1.072072 1.000000 0.002498
14     30     1.319328 5.000000 0.017742
12     32     1.059831 5.000000 0.048909
40     4      1.413793 16.000000 0.069930
28     16     1.030581 5.000000 0.011268
20     24     1.121835 11.000000 0.026909
29     16     1.014313 1.000000 0.039357
39     6      1.148110 5.000000 0.011882
15     30     1.142857 5.000000 0.002627
2      43     1.265487 5.000000 0.006329
24     21     1.122807 5.000000 0.003568
35     10     1.434783 5.000000 0.002290
7      38     1.274510 7.000000 0.002839
37     8      23.000000 11.000000 0.000991
28     17     1.850000 17.000000 0.027205
34     11     1.184615 6.000000 0.006791
39     7      1.153235 15.000000 0.118959
16     30     1.062878 5.000000 0.043376
29     17     1.121387 3.000000 0.003866
42     4      1.250382 16.000000 0.023795
15     31     1.104167 5.000000 0.002446
35     11     1.176471 11.000000 0.001386
21     25     1.307692 11.000000 0.004458
8      38     1.705882 6.000000 0.003578
22     24     1.138889 5.000000 0.009930
33     13     1.250000 5.000000 1.188119
29     18     1.022256 1.000000 0.022759
43     4      2.666667 5.000000 0.000817
33     14     1.159468 6.000000 0.008766
17     30     1.275362 5.000000 0.012714
35     12     1.108434 5.000000 0.015679
39     8      1.116959 5.000000 0.005947
16     31     1.600000 6.000000 0.002545
6      41     1.615385 8.000000 0.010900
18     30     1.285388 5.000000 0.007529
29     19     1.080460 1.000000 0.003527
14     34     1.213483 5.000000 0.011009
12     36     1.127953 5.000000 0.028674
17     31     2.714286 6.000000 0.000835
37     11     2.578947 15.000000 0.000994
16     32     1.625000 5.000000 2.068966
6      43     1.168421 4.000000 0.003596
39     10     1.#INF00 16.000000 0.000771
29     20     1.272727 3.000000 0.003248
8      41     1.443548 11.000000 0.002420
33     16     1.191083 5.000000 0.004510
44     5      1.622642 11.000000 0.002630
4      45     1.096477 5.000000 0.030833
12     37     1.193015 5.000000 0.013004
47     2      1.031601 5.000000 0.029886
11     38     2.523810 16.000000 0.000994
28     21     1.795455 5.000000 0.005427
19     30     1.440000 11.000000 0.023933
29     21     1.040517 1.000000 0.015545
16     34     1.152582 5.000000 0.006656
38     12     1.206612 5.000000 0.006252
39     11     1.136986 5.000000 0.002543
46     4      1.192308 5.000000 0.014599
31     19     1.068027 5.000000 0.047098
20     30     1.555556 5.000000 0.006331
29     22     1.750000 6.000000 0.009558
8      43     1.142608 5.000000 0.020962
19     32     1.071524 5.000000 0.031739
33     18     6.333333 16.000000 0.001304
21     30     1.191781 5.000000 0.009302
12     39     1.130000 5.000000 0.008218
16     35     1.276923 6.000000 0.007214
31     20     1.154296 11.000000 0.028649
20     32     1.069686 5.000000 0.014215
23     29     6.200000 13.000000 0.000720
28     24     1.093168 5.000000 0.008349
39     13     1.305085 6.000000 0.003931
5      47     3.206897 64.000000 0.001928
6      46     1.594595 11.000000 0.000585
27     25     1.080515 5.000000 0.007959
40     12     1.115894 10.000000 0.006056
21     31     10.333333 21.000000 0.008206
37     15     1.061964 5.000000 0.021731
4      48     1.316667 5.000000 0.019486
35     17     1.260870 6.000000 0.039461
11     41     1.692308 6.000000 0.004165
24     29     2.200000 6.000000 0.000595
7      46     1.340426 5.000000 0.007998
10     43     1.105396 5.000000 0.013271
39     14     1.190840 5.000000 0.019532
35     18     7.000000 21.000000 0.002268
2      51     1.040118 5.000000 0.027721
15     38     1.075285 6.000000 0.024805
39     15     1.090361 5.000000 0.002980
8      46     1.099432 5.000000 0.018971
29     25     1.204082 5.000000 0.000535
22     32     1.360902 6.000000 0.007554
35     19     1.091286 5.000000 0.011119
7      47     1.531034 11.000000 0.005093
33     21     1.454327 27.000000 0.003513
24     30     1.507246 5.000000 0.003557
43     11     1.909091 5.000000 0.000783
12     42     1.069882 5.000000 0.029721
4      50     1.186263 5.000000 0.022632
14     40     1.857143 6.000000 0.007479
31     23     1.270270 6.000000 0.013888
39     16     1.129412 5.000000 0.023634
19     36     1.137678 5.000000 0.030239
21     34     1.104962 5.000000 0.005692
24     31     1.072109 5.000000 0.028379
6      49     1.615385 6.000000 0.003045
37     18     4.666667 11.000000 1.818182
23     32     1.072971 5.000000 0.040479
50     5      1.#INF00 21.000000 0.001983
17     38     1.250000 11.000000 0.004546
8      47     1.108696 5.000000 0.001802
35     20     1.091623 5.000000 0.014421
14     41     1.184049 5.000000 0.006495
19     37     1.142624 5.000000 0.020697
10     46     1.705882 6.000000 0.005288
26     30     2.428571 5.000000 0.002549
36     20     1.117845 5.000000 0.024291
39     17     1.255102 5.000000 0.003400
16     40     1.047261 11.000000 0.009512
39     18     1.127660 5.000000 0.009080
20     37     1.116883 5.000000 0.006200
14     43     1.381356 5.000000 0.007423
29     28     1.882353 5.000000 0.028209
27     30     1.526316 5.000000 0.001785
16     41     1.159847 5.000000 0.013846
11     46     1.136364 5.000000 0.010290
12     45     1.203327 10.000000 0.029462
38     19     1.107296 5.000000 0.010975
49     8      1.200000 5.000000 0.001260
44     13     4.000000 6.000000 0.003170
17     40     2.062500 17.000000 0.043668
15     43     1.219067 6.000000 0.007678
35     23     1.243619 5.000000 0.010251
22     36     1.193603 5.000000 0.011163
6      52     1.128205 2.000000 0.027103
19     39     1.099581 5.000000 0.010397
28     30     1.044170 5.000000 0.004409
4      54     1.166667 6.000000 0.009669
7      51     1.846154 11.000000 0.002332
46     12     1.146226 5.000000 0.022458
37     21     1.585987 23.000000 0.596026
38     20     1.223602 6.000000 0.006303
14     44     1.156522 6.000000 0.533333
43     16     1.246575 6.000000 0.003914
35     24     1.109170 5.000000 0.012315
6      53     1.307692 2.000000 0.001758
23     36     1.148728 6.000000 0.020803
51     8      1.548387 5.000000 0.009968
2      57     1.365989 11.000000 0.017149
40     19     3.200000 11.000000 0.010283
22     37     1.256410 5.000000 0.013273
21     38     1.189542 29.000000 0.001485
20     39     1.108108 5.000000 0.008814
39     21     1.167112 5.000000 0.007513
24     36     1.146789 5.000000 0.007695
8      52     2.666667 5.000000 0.010272
14     46     1.441595 5.000000 0.016676
4      56     1.320000 6.000000 0.003354
23     37     1.170863 5.000000 0.011428
17     43     1.396226 6.000000 0.016515
12     48     1.207510 5.000000 0.013981
29     31     1.290323 9.000000 0.002780
19     41     22.000000 21.000000 1.200000
39     22     1.122036 5.000000 0.016223
43     18     1.117371 5.000000 0.021051
58     3      1.133333 6.000000 0.005931
19     42     1.072016 5.000000 0.020495
8      53     1.566038 15.000000 0.001120
15     46     1.260870 6.000000 0.004477
38     23     1.155039 5.000000 0.014594
6      55     3.333333 14.000000 1.818182
20     41     1.137931 6.000000 0.046765
34     27     1.097429 9.000000 0.022354
26     35     1.045593 5.000000 0.025547
57     5      1.700000 5.000000 0.005532
16     46     1.209854 5.000000 0.011156
28     34     3.400000 6.000000 0.000836
7      55     1.103406 5.000000 0.025686
21     41     1.434783 5.000000 0.000716
38     24     1.182768 10.000000 0.003467
23     39     1.215938 7.000000 0.006355
10     52     1.714286 5.000000 0.011720
50     12     1.127953 5.000000 0.037862
42     20     1.078459 5.000000 0.015966
49     13     1.281250 5.000000 0.009774
54     8      2.153846 5.000000 0.002006
57     6      1.123816 5.000000 0.014000
29     34     1.296610 5.000000 0.005139
16     47     3.500000 5.000000 0.001370
33     30     1.295082 6.000000 0.004526
8      55     1.491329 5.000000 0.010942
11     52     2.621622 40.000000 0.085714
17     46     1.982456 14.000000 0.054397
4      59     1.169492 5.000000 0.023168
29     35     1.104923 5.000000 0.012892
43     21     1.158979 5.000000 0.035653
61     3      1.187500 5.000000 0.005648
40     24     2.348837 58.000000 0.026304
19     45     1.110767 5.000000 0.033984
4      60     1.312500 5.000000 0.003566
39     25     1.655172 19.000000 0.000868
54     10     1.853659 5.000000 0.005144
34     30     1.103226 6.000000 0.030862
33     31     1.367347 12.000000 0.612245
20     45     1.103261 5.000000 0.014604
43     22     1.328767 6.000000 0.032417
63     2      1.056355 5.000000 0.030233
59     6      2.842105 28.000000 0.002697
3      62     1.116279 5.000000 0.005930
19     46     1.142653 5.000000 0.020251
49     16     1.192878 5.000000 0.008917
35     30     1.224719 5.000000 0.003130
23     42     1.297297 22.000000 0.004993
8      57     1.384615 5.000000 0.007588
7      58     1.133669 5.000000 0.057673
29     36     3.117647 18.000000 0.016690
5      61     1.172414 5.000000 0.003358
19     47     2.400000 7.000000 8.571429
14     52     1.072338 5.000000 0.050434
42     24     1.076468 5.000000 0.016885
39     27     2.666667 5.000000 0.000850
16     50     48.333333 71.000000 0.001984
12     54     1.111562 5.000000 0.015598
15     51     3.500000 5.000000 0.014081
46     20     1.136947 6.000000 0.024622
49     17     1.227273 5.000000 0.013843
8      58     1.846154 11.000000 0.005762
29     37     2.307692 17.000000 0.015991
13     53     1.138340 5.000000 0.031640
57     9      1.277778 5.000000 0.008882
6      61     1.048495 2.000000 0.011787
29     38     1.222222 4.000000 0.001307
43     24     1.494845 6.000000 0.003516
35     32     1.112482 5.000000 0.015881
21     46     1.045127 6.000000 0.029270
57     10     1.093023 5.000000 0.016061
37     30     1.284483 11.000000 0.002863
19     48     1.122794 5.000000 0.022208
22     45     2.200000 6.000000 0.002173
59     8      1.137615 5.000000 0.003343
31     36     1.120275 5.000000 0.015772
49     18     3.666667 12.000000 1.428571
20     48     1.137268 5.000000 0.014354
62     6      1.517986 18.000000 0.004484
7      61     1.091794 6.000000 0.010041
29     39     1.046440 5.000000 0.003679
16     52     1.060550 5.000000 0.018615
57     11     1.529412 6.000000 0.002970
58     10     2.066667 16.000000 0.002731
3      65     1.232258 6.000000 0.005649
23     45     1.090447 5.000000 0.021138
12     56     1.593220 5.000000 0.006727
36     32     1.191755 5.000000 0.022997
43     25     1.168224 6.000000 0.001191
17     51     1.384615 6.000000 0.012692
63     5      1.556962 22.000000 0.014364
37     31     1.120690 5.000000 0.015952
38     30     1.152866 12.000000 0.007045
39     30     1.092627 5.000000 0.058905
2      67     1.074503 5.000000 0.026034
29     40     1.012111 1.000000 0.004798
63     6      1.082474 2.000000 0.001489
8      61     1.184211 5.000000 0.006304
50     19     1.129283 5.000000 0.042025
23     46     1.268065 5.000000 0.011656
57     12     1.300000 5.000000 0.001803
16     53     1.195531 5.000000 0.008880
59     10     9.500000 17.000000 0.001707
54     15     1.634615 11.000000 0.002049
45     24     1.180812 7.000000 0.011389
20     50     1.102286 5.000000 0.018518
29     41     1.019567 1.000000 0.031782
39     31     1.287671 6.000000 0.003577
38     32     1.130058 5.000000 0.005483
66     4      1.091171 5.000000 0.022230
24     46     1.182999 5.000000 0.017862
17     53     1.191011 5.000000 0.010433
65     5      3.000000 5.000000 0.001613
7      63     1.956522 11.000000 0.000948
22     48     1.224719 5.000000 0.011539
9      61     1.523077 17.000000 0.002978
57     14     1.325543 5.000000 0.017747
8      63     1.197133 5.000000 0.005793
68     3      1.642857 6.000000 0.005216
24     47     1.#INF00 5.000000 0.001390
10     61     1.098468 5.000000 0.018672
43     28     1.537634 5.000000 0.005076
7      64     1.521739 6.000000 0.003358
54     17     1.312500 5.000000 0.011902
33     38     1.272727 6.000000 0.007365
12     59     1.210309 6.000000 0.014077
37     34     1.#INF00 5.000000 0.002724
23     48     1.213568 10.000000 0.020023
30     41     1.408163 5.000000 0.004569
39     32     11.800000 27.000000 1.111111
29     43     1.166667 2.000000 0.003829
57     15     1.129032 5.000000 0.005646
70     2      1.656716 11.000000 0.003048
51     21     1.056033 5.000000 0.043667
10     62     4.230769 42.000000 0.002977
6      66     35.800000 87.000000 0.008326
11     61     1.413793 6.000000 0.003052
59     13     1.123967 5.000000 0.003239
40     32     1.174129 10.000000 0.052364
4      68     1.084871 5.000000 0.026774
35     37     1.189394 5.000000 0.008337
17     55     1.728972 13.000000 0.009811
12     60     1.250000 5.000000 0.007056
22     50     1.202703 5.000000 0.013956
54     18     2.857143 26.000000 0.000962
7      65     2.208333 29.000000 0.005907
57     16     1.082691 5.000000 0.040724
70     3      1.137131 5.000000 0.012793
59     14     1.248705 6.000000 0.004706
43     30     1.186567 5.000000 0.006641
63     10     1.052198 5.000000 0.009688
29     44     1.233333 7.000000 0.002981
54     19     1.100686 5.000000 0.021903
49     24     1.340909 5.000000 0.012316
50     23     1.262055 5.000000 0.025123
21     52     1.481928 5.000000 0.012663
7      66     2.153846 5.000000 0.002959
39     34     1.417910 7.000000 0.009673
65     8      1.705882 6.000000 0.003236
15     58     1.478261 11.000000 0.002075
12     61     2.428571 10.000000 0.012589
31     42     7.842105 65.000000 0.508475
20     54     1.122526 5.000000 0.009384
29     45     1.250000 1.000000 0.000839
8      66     1.203883 10.000000 0.013220
49     25     1.186722 5.000000 0.004333
42     32     1.072655 5.000000 0.028530
28     46     1.655738 5.000000 0.003741
7      67     1.171004 10.000000 0.012666
38     36     1.085911 5.000000 0.010859
35     39     1.102925 5.000000 0.021389
17     57     1.555556 5.000000 0.007582
44     30     1.750000 5.000000 0.008329
59     15     7.400000 16.000000 0.002981
50     24     1.120137 5.000000 0.024990
14     61     1.301318 5.000000 0.014480
57     18     1.160502 5.000000 0.022024
29     46     1.263473 4.000000 0.004630
59     16     1.073529 5.000000 0.003502
8      67     1.373444 10.000000 0.004564
3      72     2.200000 10.000000 0.005748
56     19     1.306122 6.000000 0.003483
10     65     1.136187 5.000000 0.007517
38     37     1.132203 6.000000 0.007158
36     39     1.103022 5.000000 0.008799
63     12     1.568966 11.000000 0.001767
17     58     1.173077 6.000000 0.008260
54     21     1.350877 5.000000 0.002762
45     30     1.666667 6.000000 0.003551
34     41     1.234043 11.000000 0.019453
71     5      1.514286 6.000000 0.002300
15     61     1.162528 6.000000 0.005646
29     47     1.322581 2.000000 0.064760
57     19     1.176471 7.000000 0.001634
22     54     1.089686 5.000000 0.011792
2      74     1.740741 10.000000 0.003048
21     55     1.050016 5.000000 0.042355
65     11     4.615385 47.000000 0.008362
72     4      1.074895 5.000000 0.027662
40     36     1.080645 5.000000 0.034965
7      69     1.478261 11.000000 0.004527
46     30     2.250000 10.000000 0.003089
31     45     1.090206 5.000000 0.038407
59     17     4.047619 32.000000 0.003893
16     61     1.084877 5.000000 0.029959
71     6      7.600000 11.000000 0.005625
3      74     1.134579 6.000000 0.012699
59     18     1.099174 6.000000 0.012585
14     63     1.320513 5.000000 0.006055
10     67     1.105449 11.000000 0.009689
29     48     1.571429 2.000000 0.000884
54     23     1.184544 5.000000 0.015807
57     20     3.000000 12.000000 0.001095
39     38     1.434783 5.000000 0.001987
43     34     1.137300 6.000000 0.004872
35     42     1.633188 29.000000 0.004061
69     8      2.066667 32.000000 0.005431
24     53     1.168776 5.000000 0.004350
73     4      1.141287 5.000000 0.010867
47     30     1.909091 5.000000 0.007486
45     32     1.120056 5.000000 0.016174
62     16     1.909091 5.000000 0.001264
63     15     1.304348 6.000000 0.003186
29     49     1.750000 3.000000 0.088106
42     36     1.109361 5.000000 0.012705
19     59     1.156250 5.000000 0.009072
57     21     1.210421 5.000000 0.011086
17     61     1.349650 5.000000 0.007348
66     12     1.078166 5.000000 0.032912
35     43     2.100000 11.000000 0.002545
46     32     1.152733 5.000000 0.025256
60     18     1.360360 10.000000 0.002123
6      73     1.307692 10.000000 0.576923
16     63     1.091075 5.000000 0.004505
39     40     1.188679 5.000000 0.005610
57     22     1.183406 6.000000 0.006311
50     29     11.666667 16.000000 0.000595
19     60     4.000000 7.000000 0.001799
56     23     2.411765 6.000000 0.002702
33     46     1.106024 10.000000 0.011799
49     30     1.370370 5.000000 0.015684
10     69     2.315789 5.000000 0.002784
71     8      2.145833 11.000000 0.008317
42     37     1.134694 6.000000 0.008128
12     67     1.454545 5.000000 0.001101
21     58     1.833333 5.000000 0.005657
20     59     1.254777 5.000000 0.015145
31     48     1.137457 5.000000 0.018430
5      75     1.900000 6.000000 0.007550
16     64     1.909091 5.000000 0.001484
70     10     1.410256 16.000000 0.002891
17     63     2.009009 16.000000 0.004318
12     68     1.068138 5.000000 0.023138
4      76     1.069370 5.000000 0.030339
35     45     1.137825 5.000000 0.013346
15     65     3.083333 5.000000 0.002378
49     31     1.270270 5.000000 0.001218
51     29     1.114943 5.000000 0.014036
50     30     1.900000 6.000000 0.003796
6      75     1.103030 2.000000 0.007155
59     22     1.179104 5.000000 0.010086
16     65     1.#INF00 5.000000 0.000903
29     52     1.098476 6.000000 0.009676
71     10     1.947368 6.000000 0.004592
35     46     1.267857 5.000000 0.006907
8      73     1.144509 5.000000 0.007069
4      77     1.158428 5.000000 0.015341
45     36     1.110092 6.000000 0.035546
42     39     1.174825 5.000000 0.005063
51     30     1.375000 6.000000 0.006670
31     50     1.214425 5.000000 0.029090
43     38     1.158501 5.000000 0.014865
20     61     1.571429 6.000000 0.003686
39     43     1.263158 5.000000 0.002569
7      75     1.194444 6.000000 0.005181
15     67     1.336134 10.000000 0.001593
50     32     1.146536 5.000000 0.016936
35     47     1.697674 6.000000 0.003400
57     25     1.558140 6.000000 0.001625
22     60     1.#INF00 6.000000 0.000854
23     59     1.285171 5.000000 0.007027
29     53     1.174274 3.000000 0.006945
76     6      1.892857 5.000000 0.792079
21     61     1.145349 5.000000 0.010156
16     66     1.566667 17.000000 0.000706
74     8      1.420000 6.000000 0.004047
46     36     1.062171 4.000000 0.042358
65     17     1.125786 5.000000 0.003049
14     68     1.158730 5.000000 0.046404
45     37     1.361446 5.000000 0.012307
80     2      1.947368 6.000000 0.004663
8      75     1.143247 5.000000 0.009259
16     67     1.833333 5.000000 0.001225
29     54     1.046440 2.000000 0.008232
24     59     1.206897 6.000000 0.000542
58     25     2.200000 36.000000 0.006120
79     4      1.149254 10.000000 0.006776
46     37     1.116279 6.000000 0.029424
35     48     1.075426 5.000000 0.021508
28     55     1.108827 6.000000 0.011810
38     45     9.666667 52.000000 0.010762
42     41     3.526316 48.000000 0.002783
9      74     1.147059 5.000000 0.022796
20     63     2.142857 16.000000 0.012653
39     44     2.057143 111.000000 0.491803
29     55     1.058824 1.000000 0.002651
62     22     11.600000 53.000000 0.013928
78     6      1.140449 5.000000 0.002729
10     74     1.372093 12.000000 0.004048
72     12     1.076676 5.000000 0.034436
76     8      1.571429 6.000000 0.002269
71     13     1.416667 5.000000 0.008287
45     39     1.134892 5.000000 0.012473
54     30     1.155039 5.000000 0.010877
69     15     1.203528 10.000000 0.011841
82     2      1.063632 5.000000 0.029019
36     48     1.155844 5.000000 0.012598
49     35     1.179874 11.000000 0.016093
43     41     1.588235 5.000000 0.015582
57     27     11.000000 5.000000 0.010534
75     9      1.315789 6.000000 0.597015
71     14     1.193548 6.000000 0.005649
63     22     1.133333 5.000000 0.001528
39     46     1.223735 5.000000 0.011248
24     61     1.666667 5.000000 0.001625
7      78     1.129184 5.000000 0.022040
10     75     1.195531 5.000000 0.003231
35     50     1.074543 5.000000 0.031025
40     45     1.456140 26.000000 0.034692
73     12     1.219409 6.000000 0.015857
66     19     1.079891 5.000000 0.033746
4      81     1.132159 5.000000 0.004942
54     31     1.125918 5.000000 0.023622
51     34     1.363636 6.000000 0.108238
6      79     1.357143 2.000000 0.009810
83     2      2.176471 10.000000 1.224490
20     66     1.077407 5.000000 0.011411
80     6      1.275229 5.000000 0.002968
81     5      2.666667 5.000000 0.003772
71     15     1.248447 5.000000 0.010726
58     28     1.029795 5.000000 0.128314
29     57     1.075145 5.000000 0.007225
21     65     1.103806 5.000000 0.003718
24     62     1.897959 32.000000 0.006120
61     25     1.169799 11.000000 0.012202
76     10     7.400000 16.000000 0.020080
8      78     1.178571 5.000000 0.014438
36     50     1.083176 5.000000 0.031443
38     48     1.123153 5.000000 0.010038
17     69     1.238095 10.000000 0.003176
7      79     1.370370 6.000000 0.003389
75     11     1.329949 5.000000 0.017229
4      82     1.989691 32.000000 0.014767
57     30     1.073793 5.000000 0.062616
81     6      1.082797 5.000000 0.037124
71     16     1.168539 5.000000 0.006160
44     43     1.200957 6.000000 0.005824
19     68     1.076805 5.000000 0.022078
74     13     1.625000 5.000000 0.004456
7      80     1.131507 6.000000 0.005949
76     11     1.#INF00 32.000000 0.000758
50     37     1.191489 5.000000 0.006220
8      79     1.652174 10.000000 0.002765
73     14     1.#INF00 16.000000 1.578947
12     75     1.275000 11.000000 0.009367
34     53     1.163934 10.000000 0.014796
39     48     2.047619 11.000000 1.111111
6      82     1.203390 4.000000 0.003993
86     2      1.#INF00 5.000000 0.001601
5      83     1.452830 6.000000 0.002971
29     59     1.153846 2.000000 0.001305
42     46     1.518519 7.000000 0.000822
56     32     1.375000 5.000000 0.004361
78     10     1.238095 5.000000 0.003166
39     49     1.296296 6.000000 0.013839
8      80     1.162037 5.000000 0.020032
12     76     1.071068 5.000000 0.034435
4      84     1.101931 5.000000 0.021997
57     31     1.055809 5.000000 0.013878
38     50     1.240000 6.000000 0.004295
71     17     1.077922 5.000000 0.017104
15     73     1.524194 26.000000 0.008276
20     68     1.082956 5.000000 0.022829
75     13     1.673267 17.000000 0.014525
30     58     2.666667 5.000000 0.021406
9      79     9.933333 67.000000 0.291262
83     6      1.031828 2.000000 0.011898
14     75     1.264901 5.000000 0.006802
59     30     1.172297 6.000000 0.007652
27     62     1.027787 5.000000 0.139730
35     54     1.084230 6.000000 0.015365
61     28     1.080782 5.000000 0.015259
24     65     1.182410 10.000000 0.014974
39     50     1.085714 6.000000 0.004022
12     77     1.186194 5.000000 0.023944
74     15     2.000000 16.000000 0.000657
71     18     1.#INF00 34.000000 0.003787
66     23     2.018519 5.000000 0.008670
10     79     1.213389 17.000000 0.001848
2      87     1.424403 32.000000 0.018559
81     8      1.290323 5.000000 0.011876
18     72     1.100533 11.000000 0.150342
83     7      1.129940 5.000000 0.014531
29     61     1.012733 1.000000 0.040275
15     75     1.217391 5.000000 0.003667
85     5      1.286645 11.000000 0.006184
54     36     1.212264 5.000000 0.004079
43     47     1.224490 11.000000 0.002704
16     74     5.400000 11.000000 0.004622
76     14     9.400000 21.000000 0.495868
10     80     1.310345 5.000000 0.004684
66     24     1.080972 5.000000 0.022130
42     48     1.522388 5.000000 0.012888
21     69     1.833333 5.000000 0.007859
22     68     1.340909 6.000000 0.013349
31     59     1.214286 5.000000 0.013346
79     11     1.273224 5.000000 0.017843
49     41     1.054486 5.000000 0.036510
86     5      2.666667 5.000000 0.009681
6      85     1.171821 5.000000 0.004069
29     62     4.000000 11.000000 0.028209
16     75     1.119048 5.000000 0.013053
8      83     1.129510 5.000000 0.012765
81     10     1.263158 5.000000 0.001318
76     15     1.046848 5.000000 0.021177
39     52     1.159574 5.000000 0.008680
35     56     1.277778 5.000000 0.090840
79     12     1.082482 5.000000 0.011244
4      87     1.148649 11.000000 0.041968
23     68     1.057087 5.000000 0.015774
72     19     1.085040 5.000000 0.027180
11     80     5.263158 27.000000 0.001516
46     45     1.145119 5.000000 0.012518
74     17     1.636364 5.000000 0.005694
77     14     1.268817 5.000000 0.004480
61     30     1.057726 5.000000 0.016755
62     30     1.351064 11.000000 0.005993
86     6      1.017662 1.000000 0.028876
29     63     1.093066 3.000000 0.007014
7      85     1.169014 5.000000 0.004872
76     16     1.038860 5.000000 0.002885
71     21     1.240113 5.000000 0.022927
39     53     1.068607 5.000000 0.039462
27     65     1.097529 5.000000 0.039928
17     75     1.172185 5.000000 0.015528
73     19     1.149780 5.000000 0.020920
56     36     1.504000 21.000000 0.131435
42     50     1.130368 5.000000 0.011892
11     81     1.246914 5.000000 0.002665
72     20     1.064837 5.000000 0.032091
38     54     1.082645 5.000000 0.006403
57     35     1.316901 5.000000 0.011501
51     41     2.675325 43.000000 0.005954
13     79     1.234899 5.000000 0.035633
86     7      1.082407 6.000000 0.006896
71     22     1.108303 5.000000 0.019361
8      85     1.164290 5.000000 0.024534
29     64     1.187500 1.000000 0.001709
39     54     3.400000 6.000000 0.000633
57     36     2.166667 7.000000 0.000901
43     50     11.000000 5.000000 0.000874
78     15     1.097087 5.000000 0.012667
4      89     1.138772 5.000000 0.019677
83     10     1.187500 6.000000 0.003163
77     16     1.073314 5.000000 0.006577
56     37     1.174419 5.000000 0.031438
73     20     1.141658 5.000000 0.020494
47     46     1.063492 5.000000 0.421546
59     34     1.476190 5.000000 0.006967
12     81     1.084034 5.000000 0.004680
63     30     2.176471 5.000000 0.008962
35     58     1.315789 6.000000 0.020747
80     13     9.400000 21.000000 1.176471
14     79     1.294118 5.000000 0.090430
24     69     1.705882 6.000000 0.044543
49     44     4.900000 39.000000 0.983607
78     16     2.052632 5.000000 0.002492
6      88     1.029084 2.000000 0.011505
8      86     1.189464 5.000000 0.018040
29     65     1.090909 2.000000 0.003295
35     59     1.075721 6.000000 0.013238
43     51     1.162507 5.000000 0.028652
33     61     1.680851 16.000000 0.001152
76     18     1.340909 5.000000 0.203804
14     80     1.465116 5.000000 0.005486
12     82     1.098296 5.000000 0.008322
38     56     1.235294 6.000000 0.314136
83     11     1.437500 12.000000 0.005005
46     48     1.082418 5.000000 0.037094
89     5      1.468085 11.000000 0.013937
63     31     8.333333 33.000000 0.008299
39     55     1.335570 10.000000 0.005216
29     66     1.528889 17.000000 0.003286
81     14     1.052445 5.000000 0.035602
5      90     1.303448 11.000000 0.015256
80     15     1.041996 5.000000 0.046201
57     38     1.087146 5.000000 0.003754
85     10     1.404040 5.000000 0.003688
76     19     1.092119 5.000000 0.026701
74     21     1.069904 5.000000 0.038399
70     25     1.171233 10.000000 0.011124
17     78     1.404412 5.000000 0.007099
7      88     1.075935 5.000000 0.007138
26     69     1.087628 5.000000 0.045009
50     45     1.108527 5.000000 0.048465
56     39     2.111111 5.000000 0.005306
77     18     2.666667 5.000000 0.015715
72     23     1.495868 5.000000 0.008753
16     79     1.081120 6.000000 0.022018
36     59     1.096386 5.000000 0.014485
83     12     1.580645 6.000000 0.002367
34     61     1.192308 5.000000 0.016185
89     6      2.058824 6.000000 0.017101
92     4      1.112150 5.000000 0.006437
20     76     1.076583 5.000000 0.018568
81     15     1.142405 5.000000 0.003499
29     67     1.689655 8.000000 0.003031
14     82     1.421687 5.000000 0.020903
94     2      1.046651 5.000000 0.018153
91     5      1.918919 17.000000 0.005341
68     28     1.378223 11.000000 0.009161
42     54     1.251196 5.000000 0.010575
77     19     1.181892 5.000000 0.022944
16     80     1.036585 5.000000 0.004490
21     75     1.159817 5.000000 0.011063
78     18     1.512000 16.000000 0.001817
24     72     1.072368 5.000000 0.017989
39     57     1.263158 5.000000 0.001208
12     84     1.084382 5.000000 0.030357
8      88     1.182648 5.000000 0.005496
10     86     1.277778 5.000000 0.004463
85     11     2.875000 15.000000 0.001456
36     60     1.176471 5.000000 0.031373
73     23     2.101695 5.000000 0.010826
17     79     1.305882 6.000000 0.011365
66     30     2.666667 5.000000 2.142857
65     31     1.461538 12.000000 0.003813
6      90     1.068966 2.000000 0.042543
20     77     1.136580 5.000000 0.008272
6      91     1.015115 1.000000 0.009499
7      90     1.694444 5.000000 0.002920
81     16     1.117647 5.000000 0.016144
43     54     1.155221 5.000000 0.032584
39     58     3.400000 6.000000 0.001228
83     14     1.075319 5.000000 0.028086
73     24     1.103734 5.000000 0.011335
11     86     1.212121 5.000000 0.008450
89     8      1.209497 5.000000 0.010972
57     40     1.104384 5.000000 0.026810
38     59     1.265823 6.000000 0.007343
80     17     1.631579 6.000000 0.005697
29     68     5.800000 12.000000 0.006268
9      88     1.#INF00 11.000000 1.250000
83     15     1.113333 5.000000 0.010107
16     82     1.067010 5.000000 0.004915
8      90     1.212569 5.000000 0.009513
96     2      1.370370 5.000000 0.001900
70     28     1.235925 11.000000 0.022658
86     12     11.000000 5.000000 0.002850
43     55     2.428571 5.000000 0.000553
93     5      2.363636 5.000000 0.774194
57     41     1.110076 5.000000 0.014259
76     22     1.215569 6.000000 0.006095
95     3      1.387097 6.000000 0.000997
24     74     1.082734 5.000000 0.012888
79     19     1.084220 5.000000 0.010130
66     32     1.059772 5.000000 0.036889
7      91     1.952381 10.000000 0.000866
10     88     2.000000 5.000000 0.003898
38     60     2.500000 5.000000 0.003204
17     81     1.370370 5.000000 0.002904
50     48     1.088775 5.000000 0.043911
77     21     2.121951 23.000000 0.013245
80     18     2.666667 5.000000 0.005238
35     63     2.750000 28.000000 0.000993
85     13     1.571429 5.000000 0.010384
37     61     1.092937 5.000000 0.004754
89     9      7.600000 11.000000 0.021767
83     16     1.131222 5.000000 0.017379
78     21     1.089615 5.000000 0.027246
6      93     1.079808 4.000000 0.010977
81     18     1.067340 5.000000 0.014321
97     2      1.088711 5.000000 0.037339
54     45     1.085396 5.000000 0.028391
85     14     1.110640 5.000000 0.036032
27     72     1.147982 6.000000 0.008330
76     23     1.080406 5.000000 0.018603
8      91     1.217755 5.000000 0.013674
86     13     1.441176 5.000000 0.001487
12     87     1.071365 5.000000 0.009331
89     10     3.400000 6.000000 0.000742
88     11     1.234114 10.000000 0.004627
22     77     1.401786 5.000000 0.006684
79     20     1.085791 5.000000 0.036662
31     68     1.081279 5.000000 0.036643
30     69     16.000000 5.000000 0.003202
61     38     3.400000 12.000000 1.428571
85     15     1.055839 5.000000 0.040549
94     6      2.000000 1.000000 0.028749
39     61     1.110049 5.000000 0.041211
14     86     1.071398 5.000000 0.093353
57     43     1.070423 5.000000 0.010282
70     30     2.363636 5.000000 0.002125
29     71     1.083718 5.000000 0.030044
10     90     1.555556 5.000000 0.004405
49     51     1.310345 6.000000 0.001701
19     81     1.497409 12.000000 0.003650
78     22     1.202247 12.000000 0.054889
59     41     2.200000 6.000000 0.000570
23     77     1.206847 5.000000 0.016257
17     83     1.375000 6.000000 0.009439
46     54     1.077831 5.000000 0.042337
21     79     1.625000 5.000000 0.003559
37     63     5.400000 11.000000 0.003857
12     88     7.000000 12.000000 0.001185
89     11     1.222930 5.000000 0.008065
96     4      1.588235 5.000000 0.087464
84     16     4.375000 27.000000 1.224490
9      91     2.666667 5.000000 0.588235
18     83     1.096434 5.000000 0.016047
86     15     1.088106 5.000000 0.004593
94     7      1.109091 2.000000 0.002477
71     30     1.176471 5.000000 0.003024
29     72     3.400000 4.000000 0.001486
27     74     1.087912 5.000000 0.022658
8      93     1.392308 17.000000 0.006801
54     47     12.000000 11.000000 0.083916
95     6      1.064433 1.000000 0.012802
43     58     1.793103 23.000000 0.000540
42     59     1.830189 11.000000 0.002846
77     24     1.767442 11.000000 0.001610
44     57     1.212121 6.000000 0.013897
16     85     1.333333 6.000000 0.002962
91     10     1.416667 10.000000 0.003514
12     89     1.129870 5.000000 0.031562
11     90     7.666667 10.000000 0.001786
56     45     5.400000 11.000000 0.194175
96     5      1.625000 15.000000 0.002432
80     21     1.250000 5.000000 0.005069
20     81     1.120482 5.000000 0.005209
69     32     11.000000 5.000000 0.002305
19     82     1.081800 5.000000 0.041049
95     7      1.077708 5.000000 0.009396
86     16     1.094326 5.000000 0.038828
6      96     1.083253 5.000000 0.033137
81     21     1.173522 10.000000 0.010848
29     73     1.091185 6.000000 0.015319
39     63     1.220126 5.000000 0.005947
14     88     1.081528 5.000000 0.032834
97     5      1.384615 10.000000 0.084866
80     22     1.221180 11.000000 0.052145
42     60     1.192308 5.000000 0.003637
79     23     1.246305 5.000000 0.004533
11     91     1.333333 5.000000 0.006714
66     36     1.115585 5.000000 0.017023
24     78     1.909091 5.000000 0.000683
89     13     1.314465 10.000000 0.004609
85     17     1.359477 5.000000 0.011794
8      94     1.312500 5.000000 0.004471
20     82     1.811475 27.000000 0.029803
96     7      1.588235 5.000000 0.000715
81     22     1.178571 5.000000 0.010296
97     6      1.352941 3.000000 0.001539
8      95     1.260355 6.000000 0.009693
29     74     1.470588 8.000000 0.003281
89     14     1.198864 5.000000 0.003291
57     46     1.357798 6.000000 0.006496
39     64     1.#INF00 6.000000 0.000869
79     24     1.135849 8.000000 0.008532
43     60     1.441176 5.000000 0.002639
85     18     1.192308 5.000000 0.002788
19     84     1.096313 5.000000 0.019266
35     68     1.102410 5.000000 0.019859
66     37     1.098784 5.000000 0.015745
15     88     3.400000 6.000000 0.001884
17     86     1.402299 5.000000 0.026677
28     75     1.094071 5.000000 0.049318
82     21     1.102230 5.000000 0.031763
12     91     2.166667 7.000000 0.012518
92     12     1.132275 5.000000 0.006707
86     18     1.091710 5.000000 0.023453
83     21     1.188557 5.000000 0.008828
16     88     1.105122 5.000000 0.019051
14     90     1.103920 5.000000 0.031572
29     75     1.054487 1.000000 0.008452
89     15     1.800000 6.000000 0.008208
43     61     1.341615 5.000000 0.005207
57     47     1.211454 6.000000 0.011361
23     81     1.634146 13.000000 0.000821
72     32     1.073475 5.000000 0.033305
36     68     1.188172 5.000000 0.008004
7      97     1.103011 5.000000 0.007464
35     69     2.142857 28.000000 0.002046
96     8      1.222222 6.000000 0.003959
11     93     7.000000 12.000000 0.046118
84     20     1.083454 5.000000 0.042248
45     59     1.554090 21.000000 0.038519
56     48     1.295082 6.000000 0.063966
74     30     2.666667 5.000000 0.003139
95     9      2.116279 32.000000 0.011446
22     82     1.800000 6.000000 0.006732
15     90     1.131910 5.000000 0.016299
14     91     1.193460 5.000000 0.030674
59     46     1.087556 5.000000 0.021813
54     51     1.652174 5.000000 0.001625
8      97     1.152616 5.000000 0.010129
89     16     1.231788 5.000000 0.006744
39     66     1.235294 10.000000 0.006575
24     81     1.194700 10.000000 0.035802
47     58     2.400000 7.000000 0.000821
62     43     1.#INF00 11.000000 0.007078
71     34     2.764706 5.000000 0.005958
95     10     1.563380 5.000000 0.004068
17     88     1.268817 5.000000 0.008525
74     31     1.120000 6.000000 0.011278
73     32     1.113636 5.000000 0.021158
75     30     1.142338 5.000000 0.048927
86     19     2.021277 16.000000 0.013870
45     60     1.153846 6.000000 0.033538
23     82     1.086207 5.000000 0.027020
96     9      1.347222 5.000000 0.011851
18     88     1.079681 5.000000 0.004929
90     16     1.219780 5.000000 0.001708
85     21     1.143035 5.000000 0.017346
39     67     1.695652 16.000000 0.001947
91     15     1.060451 5.000000 0.048274
43     63     1.155004 10.000000 0.016426
19     87     1.346154 6.000000 0.001203
47     59     2.714286 6.000000 0.001197
77     29     1.005632 3.000000 0.005022
22     84     1.141700 5.000000 0.003587
76     30     1.137667 6.000000 0.007134
57     49     1.190840 5.000000 0.003960
24     82     1.#INF00 11.000000 0.000594
95     11     1.596026 6.000000 0.008218
38     68     2.056604 28.000000 0.002228
96     10     5.285714 5.000000 0.003934
56     50     1.538462 21.000000 0.004988
46     60     1.114155 5.000000 0.006668
89     17     1.111336 5.000000 0.015085
28     78     1.432099 5.000000 0.005130
13     93     6.333333 16.000000 0.001899
94     12     18.333333 52.000000 0.005945
86     20     3.352941 20.000000 0.008634
86     21     1.126904 5.000000 0.018274
16     91     1.087003 5.000000 0.027320
89     18     3.062500 11.000000 0.001904
85     22     1.263158 5.000000 0.008718
29     78     1.237288 2.000000 0.003173
28     79     2.428571 5.000000 0.001231
61     46     1.115894 5.000000 0.003245
10     97     1.271084 5.000000 0.004609
96     11     1.157710 5.000000 0.015629
14     93     1.171821 5.000000 0.012770
23     84     1.112971 5.000000 0.014617
76     31     1.068114 5.000000 0.017749
17     90     1.544503 13.000000 0.005348
77     30     1.051300 5.000000 0.009468
59     48     1.757143 53.000000 0.007325
33     74     1.705882 6.000000 1.304348
80     27     1.#INF00 16.000000 0.001071
57     50     1.648649 12.000000 0.005244
94     13     1.277778 5.000000 4.000000
18     90     1.112360 6.000000 0.600000
78     30     1.051433 5.000000 0.018803
86     22     11.000000 5.000000 0.005351
79     29     1.161826 5.000000 0.019070
57     51     4.500000 14.000000 0.001189
96     12     2.250000 5.000000 0.001736
33     75     1.442478 5.000000 0.005266
95     13     1.116580 5.000000 0.005757
17     91     1.266990 5.000000 0.011613
43     65     1.120000 5.000000 0.004319
59     49     5.727273 26.000000 0.002980
40     68     1.098522 10.000000 0.041655
72     36     1.143581 5.000000 0.018566
66     42     4.132743 59.000000 0.005071
84     24     1.187590 10.000000 0.007617
11     97     6.285714 37.000000 0.003198
19     89     1.115357 5.000000 0.020558
45     63     1.514286 6.000000 0.004679
21     87     1.037618 6.000000 0.052082
31     77     1.181818 6.000000 0.026731
18     91     1.110193 5.000000 0.020729
94     15     1.037966 5.000000 0.026514
16     93     1.102289 5.000000 0.018144
95     14     1.502959 5.000000 0.007841
43     66     15.000000 14.000000 0.000640
50     59     1.095332 5.000000 0.014119
77     32     1.234875 11.000000 0.003168
28     81     11.000000 5.000000 0.001976
29     80     1.102740 5.000000 0.009079
57     52     1.196850 5.000000 0.022706
21     88     1.426877 12.000000 0.011773
96     13     1.777778 6.000000 0.004317
73     36     1.078947 5.000000 0.030696
23     86     1.094006 6.000000 0.050207
63     46     1.551724 16.000000 0.002485
72     37     1.194508 5.000000 0.012447
97     12     3.181818 16.000000 0.002202
54     55     1.150376 5.000000 0.042913
51     58     1.162651 5.000000 0.068014
20     89     1.129274 5.000000 0.028907
78     31     11.000000 5.000000 0.001188
24     85     1.933333 7.000000 0.001258
34     75     1.535714 15.000000 0.005936
96     14     1.086207 5.000000 0.057735
80     30     1.089317 6.000000 0.006939
15     95     2.200000 5.000000 0.003206
29     81     1.769231 6.000000 0.002165
89     21     1.154799 5.000000 0.011993
19     91     1.515625 11.000000 0.001603
56     54     1.252874 11.000000 0.004354
57     53     1.104778 5.000000 0.025894
76     34     1.138889 5.000000 0.008395
88     22     1.116505 6.000000 0.000696
63     47     1.053763 5.000000 0.004267
49     61     1.113230 5.000000 0.031463
94     16     3.400000 6.000000 1.153846
17     93     1.232044 6.000000 0.008112
42     68     1.176436 16.000000 0.010708
23     87     1.068565 5.000000 0.007357
73     37     1.203883 5.000000 0.013275
50     60     1.058140 5.000000 0.004857
35     75     1.137112 5.000000 0.013828
85     25     1.#INF00 5.000000 0.000974
43     67     3.740741 37.000000 0.094637
39     72     1.066354 5.000000 0.004822
18     93     1.312500 17.000000 0.001325
95     16     1.194611 5.000000 0.019858
29     82     1.042429 2.000000 0.010691
90     21     1.075875 3.000000 0.011444
81     30     1.555556 5.000000 0.006075
96     15     1.118397 5.000000 0.011183
89     22     1.232323 5.000000 0.010420
79     32     1.108413 5.000000 0.012047
44     67     1.431507 21.000000 0.021609
66     45     1.995962 37.000000 0.014904
35     76     1.130776 5.000000 0.016882
59     52     11.000000 10.000000 0.916031
92     19     1.150774 5.000000 0.024913
94     17     1.150000 6.000000 0.006355
86     25     1.979592 16.000000 0.001706
14     97     3.909091 16.000000 0.002480
65     46     2.230769 16.000000 0.002755
26     85     1.909091 5.000000 0.001071
75     36     6.333333 16.000000 2.222222
80     31     1.130435 6.000000 0.005953
20     91     6.400000 27.000000 0.008634
28     83     1.196078 5.000000 0.047962
94     18     1.503937 32.000000 0.000970
29     83     1.011223 1.000000 0.026956
16     96     1.060344 5.000000 0.043177
39     73     1.105566 5.000000 0.004723
97     15     1.054945 5.000000 0.041583
91     21     1.106007 5.000000 0.007144
76     36     1.154494 5.000000 0.005131
35     77     1.085548 5.000000 0.028153
23     89     1.323177 11.000000 0.016484
17     95     1.120690 5.000000 0.016772
65     47     2.818182 10.000000 0.001491
57     55     1.833333 5.000000 0.004629
51     61     2.041667 5.000000 0.004629
92     20     1.186074 5.000000 0.023537
82     30     1.720000 6.000000 0.002315
85     27     1.285714 6.000000 0.001600
69     43     1.625000 5.000000 0.006729
31     81     1.441176 5.000000 0.013844
33     79     1.155556 7.000000 0.003428
49     63     2.000000 16.000000 0.019550
95     18     1.202079 5.000000 0.010558
83     30     1.174651 5.000000 0.021028
39     74     11.000000 5.000000 0.003437
91     22     1.176768 5.000000 0.003081
77     36     1.116893 5.000000 0.015842
78     35     1.147929 5.000000 0.002160
33     80     1.333333 5.000000 0.015441
16     97     1.139535 6.000000 0.004622
96     17     1.183585 5.000000 0.012364
28     85     1.428571 10.000000 0.006667
44     69     2.894737 12.000000 0.006997
45     68     1.229885 5.000000 0.016237
34     79     1.121413 5.000000 0.013774
29     84     2.100000 11.000000 0.004121
82     31     1.076087 5.000000 0.032021
71     43     1.113960 5.000000 0.006083
29     85     1.025059 1.000000 0.021400
39     75     1.312500 5.000000 0.004108
96     18     1.063941 5.000000 0.039304
80     34     1.314010 5.000000 0.010620
21     93     1.238095 5.000000 0.019289
72     42     1.074627 5.000000 0.041824
38     76     1.048421 5.000000 0.012715
17     97     1.116279 5.000000 0.003331
63     51     1.057909 5.000000 0.025665
47     67     1.069444 5.000000 0.029827
89     25     1.342105 13.000000 0.020986
66     48     1.160920 5.000000 0.011331
24     90     6.000000 5.000000 0.000973
35     79     1.555556 10.000000 0.003023
46     68     1.195313 5.000000 0.020871
77     37     2.250000 5.000000 0.003180
85     30     1.210728 5.000000 0.004740
29     86     1.034310 1.000000 0.016200
24     91     1.891892 11.000000 0.002708
35     80     2.230769 8.000000 0.023383
96     19     1.387097 6.000000 0.000926
56     59     3.000000 6.000000 0.001750
33     82     7.166667 37.000000 0.857143
81     34     1.151515 5.000000 0.007216
60     55     2.129771 37.000000 0.001625
51     64     1.523810 11.000000 0.002165
79     36     1.346320 16.000000 0.005060
73     42     4.476190 73.000000 0.001125
38     77     1.139535 6.000000 0.003092
92     23     1.566038 5.000000 0.013273
54     61     16.000000 5.000000 0.303797
57     58     2.250000 5.000000 0.004166
75     40     3.470588 21.000000 0.013696
31     84     1.084602 5.000000 0.023687
88     27     11.000000 5.000000 0.001340
86     30     1.059916 5.000000 0.059795
29     87     1.133333 1.000000 0.000581
81     35     1.077519 5.000000 0.006733
21     95     1.104962 5.000000 0.011689
51     65     3.619048 11.000000 0.002163
91     25     3.125000 17.000000 0.001122
40     76     1.601399 43.000000 0.025182
84     32     1.153568 5.000000 0.020285
85     31     1.709677 11.000000 0.001903
61     55     1.272727 5.000000 0.001321
66     50     1.153664 5.000000 0.018319
47     69     1.285714 5.000000 0.004644
39     77     1.296610 5.000000 0.007136
26     90     1.387097 6.000000 0.001600
92     24     1.095813 5.000000 0.030838
75     41     1.112188 5.000000 0.054297
79     37     1.352941 6.000000 0.004412
78     38     1.164835 6.000000 0.054348
29     88     1.036061 1.000000 0.045039
96     21     1.175115 5.000000 0.015696
57     60     10.000000 9.000000 0.000870
74     43     1.097989 5.000000 0.018965
71     46     1.375000 6.000000 0.014398
72     45     1.080386 5.000000 0.018586
36     81     2.304348 5.000000 0.004261
37     80     1.181898 23.000000 0.009218
69     48     1.200669 6.000000 0.009466
35     82     4.344262 51.000000 0.008929
43     75     1.341880 5.000000 0.003420
39     79     1.102652 5.000000 0.035706
33     85     1.258373 6.000000 0.007256
71     47     1.200913 11.000000 0.007693
42     76     1.107744 6.000000 0.018441
73     45     1.176380 5.000000 0.016582
89     29     1.077118 5.000000 0.052717
28     90     1.132260 5.000000 0.034530
80     38     1.057426 5.000000 0.022492
97     21     1.625000 5.000000 0.342857
88     30     1.224719 5.000000 0.005488
50     68     1.202922 5.000000 0.023755
54     64     1.075567 5.000000 0.005611
60     58     1.139860 5.000000 0.007855
91     27     1.800000 6.000000 0.005232
36     82     27.666667 80.000000 0.003149
83     35     1.461538 6.000000 0.005873
29     90     1.163934 5.000000 0.003749
89     30     1.280528 5.000000 0.006939
97     22     1.251309 16.000000 0.011432
35     84     1.118026 5.000000 0.005341
28     91     1.705882 6.000000 0.001125
78     41     2.553957 54.000000 0.031120
33     86     1.231959 5.000000 0.019440
44     75     1.739812 59.000000 0.001620
42     77     1.158184 5.000000 0.013118
85     34     1.094664 5.000000 0.013821
76     43     1.320856 10.000000 0.004249
24     95     1.154506 12.000000 0.006927
38     81     1.338983 5.000000 0.004939
29     91     1.020675 2.000000 0.049531
90     30     1.090498 6.000000 0.003867
59     61     1.112923 5.000000 0.009823
57     63     1.176532 5.000000 0.016542
86     34     1.160000 5.000000 0.004286
84     36     1.063191 5.000000 0.024208
39     81     1.061728 5.000000 0.002883
38     82     1.111111 5.000000 0.000992
72     48     1.258065 6.000000 0.005475
95     25     1.274725 5.000000 0.003473
66     54     1.148305 5.000000 0.017301
35     85     1.545455 6.000000 0.909091
51     69     1.521739 6.000000 0.001071
65     55     1.535714 5.000000 0.002142
89     31     1.188285 5.000000 0.034892
75     45     33.000000 16.000000 0.021567
37     83     1.247525 5.000000 0.175567
26     94     1.#INF00 6.000000 1.538462
39     82     1.125786 5.000000 0.003850
78     43     1.118252 5.000000 0.019681
42     79     1.248447 10.000000 0.002464
74     47     1.172249 6.000000 0.006315
24     97     1.279070 6.000000 0.001638
91     30     1.135659 5.000000 0.003282
68     53     5.400000 11.000000 0.020718
84     37     1.272374 5.000000 0.008004
72     49     3.045455 15.000000 0.001286
35     86     1.136054 6.000000 0.005847
73     48     1.090909 5.000000 0.031670
70     51     1.147651 11.000000 0.005978
45     76     1.684932 10.000000 0.004930
96     25     1.714286 5.000000 0.001739
75     46     1.500000 5.000000 0.003405
80     41     10.454545 52.000000 0.002976
39     83     1.267206 11.000000 0.005882
29     93     1.015928 1.000000 0.026983
43     79     1.514286 6.000000 0.001068
77     45     1.098583 5.000000 0.018464
76     46     1.191874 5.000000 0.017135
35     87     1.252551 11.000000 0.020648
44     78     1.581395 5.000000 0.009316
91     31     1.122283 5.000000 0.004684
57     65     9.142857 19.000000 0.003347
72     50     1.163043 5.000000 0.012310
95     27     1.#INF00 16.000000 0.000969
37     85     1.061501 5.000000 0.017181
92     30     3.105263 10.000000 0.005660
81     41     1.585366 6.000000 0.004459
34     88     3.200000 11.000000 0.005892
38     84     3.200000 11.000000 0.019666
62     61     2.031873 37.000000 0.005171
57     66     1.189873 5.000000 0.002909
29     94     1.666667 2.000000 0.001072
80     43     1.369343 11.000000 0.010632
77     46     1.084022 5.000000 0.030251
42     81     2.428571 5.000000 0.000522
96     27     1.186104 5.000000 0.007181
89     34     1.373134 5.000000 0.005055
58     65     1.696028 31.000000 0.007134
84     39     1.111789 5.000000 0.012653
74     49     1.423729 5.000000 0.016970
36     87     2.178571 33.000000 0.017177
33     90     1.171955 6.000000 0.017773
73     50     1.088821 5.000000 0.041221
28     95     1.077001 5.000000 0.056730
69     54     1.235294 5.000000 0.004460
37     86     2.428571 5.000000 0.001389
35     88     5.000000 22.000000 0.194805
26     97     5.400000 11.000000 0.001887
94     30     1.042553 1.000000 0.002889
29     95     1.025389 1.000000 0.012367
81     43     1.139211 5.000000 0.005854
39     85     1.136612 5.000000 0.007022
63     61     1.112360 5.000000 0.000629
96     28     1.354839 11.000000 0.001093
86     38     1.#INF00 5.000000 0.048820
33     91     1.107759 5.000000 0.005411
78     46     1.173410 5.000000 0.006037
89     35     1.052395 5.000000 0.022306
79     45     7.750000 63.000000 0.001780
92     32     1.106007 5.000000 0.020026
49     75     1.362069 6.000000 0.004920
83     41     1.203704 11.000000 0.005199
95     30     1.084492 5.000000 0.050281
29     96     1.087289 6.000000 0.009996
43     82     2.052632 5.000000 0.017861
39     86     1.181992 5.000000 0.009010
78     47     1.401274 21.000000 0.011908
38     87     1.283019 5.000000 0.041340
36     89     1.231788 5.000000 0.008188
59     66     1.228659 5.000000 0.011196
77     48     1.189655 11.000000 0.001734
35     90     1.500000 7.000000 0.039164
97     28     1.140187 5.000000 0.005103
34     91     1.120724 10.000000 0.011064
96     30     1.084767 5.000000 0.077998
29     97     1.447761 6.000000 0.001872
80     46     1.168394 5.000000 0.005878
86     40     1.040909 5.000000 0.013664
35     91     1.264228 13.000000 0.004503
79     47     3.333333 7.000000 10.000000
42     84     1.073770 5.000000 0.004347
43     83     1.086207 5.000000 0.006699
50     76     1.183299 6.000000 0.009577
72     54     1.156740 5.000000 0.012998
77     49     3.909091 16.000000 0.004055
45     81     1.104712 5.000000 0.006302
39     87     2.363636 5.000000 0.003430
95     31     1.444444 11.000000 0.002789
33     93     9.800000 22.000000 1.276596
39     88     1.235893 5.000000 0.015208
97     30     1.127907 5.000000 0.004260
81     46     1.278662 5.000000 0.015900
57     70     1.782609 12.000000 0.002386
76     51     2.090909 6.000000 0.000850
44     83     37.666667 110.000000 0.005952
86     41     1.084477 5.000000 0.016718
40     87     1.074227 6.000000 0.043165
38     89     1.159236 5.000000 0.008357
78     49     13.666667 38.000000 0.005936
96     31     1.169492 5.000000 0.002717
50     77     1.102554 5.000000 0.035956
73     54     1.088513 5.000000 0.032631
34     93     1.135135 6.000000 0.149813
79     48     5.500000 6.000000 0.003074
45     82     1.571429 6.000000 0.165746
92     36     1.070423 5.000000 0.011178
85     43     1.441176 5.000000 0.004986
49     79     1.064332 5.000000 0.017600
96     32     2.250000 5.000000 0.001736
47     81     12.000000 11.000000 0.000675
76     52     1.152866 16.000000 0.011587
33     95     1.308057 5.000000 0.007015
97     31     13.800000 32.000000 0.002355
75     53     1.083218 5.000000 0.024569
46     82     1.319392 12.000000 0.017844
39     90     1.157480 5.000000 0.031540
43     86     1.313112 5.000000 0.014633
95     34     1.117450 5.000000 0.005216
50     79     1.293333 10.000000 0.005195
42     87     1.162272 10.000000 0.020975
51     78     1.059862 5.000000 0.051321
74     55     1.055794 5.000000 0.055429
73     56     2.100000 11.000000 0.967742
84     45     1.182857 6.000000 0.011154
72     57     5.000000 10.000000 3.157895
77     52     1.120755 48.000000 0.082342
92     37     1.182403 5.000000 0.011257
38     91     1.083587 5.000000 0.040349
83     46     1.469880 6.000000 0.009109
54     75     4.111111 28.000000 0.020534
41     88     1.250000 5.000000 1.000000
39     91     1.075961 5.000000 0.035121
57     73     7.400000 16.000000 1.132075
86     44     1.046272 6.000000 0.000996
49     81     1.561798 10.000000 0.005995
50     80     1.#INF00 5.000000 0.000870
68     62     1.354839 11.000000 0.010963
58     72     1.322581 10.000000 0.010966
96     34     1.259259 6.000000 0.004096
33     97     16.000000 5.000000 0.011647
83     47     1.153257 5.000000 0.004968
77     53     1.222222 6.000000 0.017207
51     79     1.382979 6.000000 0.002316
69     61     1.545455 6.000000 0.001038
35     95     1.155280 5.000000 0.015673
46     84     1.142549 6.000000 0.012863
43     88     1.341772 6.000000 0.005120
77     54     1.125000 6.000000 0.004177
85     46     1.102068 5.000000 0.037971
96     35     1.119522 5.000000 0.008837
42     89     1.136986 5.000000 0.018512
76     55     1.769231 5.000000 0.000835
50     81     1.141066 5.000000 0.006517
72     59     1.350877 5.000000 0.008098
92     39     1.846561 32.000000 0.006310
71     61     1.099010 5.000000 0.008662
57     75     1.360902 12.000000 0.001487
70     62     1.106061 6.000000 0.018457
58     74     1.143611 5.000000 0.022874
89     43     1.095109 5.000000 0.010119
86     46     1.147059 5.000000 0.011229
44     88     1.336134 10.000000 0.008274
83     49     1.254237 5.000000 0.005943
85     47     1.308411 11.000000 0.003730
56     76     1.151515 5.000000 0.428571
84     48     1.078755 5.000000 0.027995
54     78     1.283019 5.000000 0.021828
73     59     1.092025 5.000000 0.025339
39     93     2.289474 49.000000 0.004197
50     82     1.279070 6.000000 0.014768
41     91     1.186770 16.000000 0.816327
43     90     1.083239 5.000000 0.020321
54     79     1.188679 5.000000 0.007781
95     38     1.340909 5.000000 0.003312
49     84     3.000000 5.000000 0.000837
61     72     1.357143 15.000000 0.004730
68     65     1.244444 11.000000 0.005682
78     55     1.347826 5.000000 0.004001
56     77     1.466321 15.000000 0.008314
73     60     1.074534 6.000000 0.004992
82     51     1.474273 53.000000 0.019831
37     96     1.238095 5.000000 0.002173
75     58     5.000000 16.000000 1.621622
89     44     1.123711 6.000000 0.377358
39     95     1.500000 6.000000 0.002539
91     43     1.121212 5.000000 0.009751
76     58     33.000000 16.000000 0.000770
47     87     1.084317 10.000000 0.010264
88     46     1.250000 5.000000 0.005825
66     68     1.087638 5.000000 0.022229
44     90     1.090090 5.000000 0.004081
59     75     1.709677 11.000000 0.002445
51     83     1.573770 10.000000 0.013854
84     50     1.145929 10.000000 0.025257
45     89     1.078971 5.000000 0.030393
96     38     1.440000 5.000000 0.008857
37     97     1.058344 6.000000 0.026076
57     77     1.#INF00 6.000000 0.007662
61     74     1.118707 7.000000 0.017672
70     65     1.119840 6.000000 0.016533
86     49     2.250000 10.000000 0.007541
83     52     1.112080 5.000000 0.019201
89     46     1.082200 5.000000 0.044562
88     47     1.288000 6.000000 0.004808
69     66     2.236052 32.000000 0.004828
57     78     1.526316 5.000000 0.004136
95     40     1.058480 5.000000 2.142857
80     55     3.933333 22.000000 0.003841
39     97     1.235294 5.000000 0.002319
96     40     1.295567 12.000000 0.003393
43     93     1.441176 5.000000 0.004239
57     79     1.149813 5.000000 0.028590
77     59     1.357143 5.000000 0.002008
89     47     3.596491 37.000000 0.001808
51     85     1.923077 6.000000 0.011550
78     58     1.197044 5.000000 0.006917
86     50     2.100000 11.000000 0.005235
75     61     1.131341 5.000000 0.034161
95     41     1.062347 5.000000 0.070971
81     55     1.484848 16.000000 0.008362
56     81     1.159091 7.000000 0.000873
43     94     1.330579 5.000000 0.004291
76     61     1.064655 6.000000 0.005594
57     80     1.064433 5.000000 0.008588
70     67     1.387879 16.000000 0.003200
63     74     1.150862 5.000000 0.005438
91     46     1.174927 6.000000 0.010538
51     86     1.443038 5.000000 0.005228
92     45     1.158983 5.000000 0.019764
47     90     1.588235 5.000000 0.001898
49     88     1.454545 5.000000 0.003833
54     83     1.149254 5.000000 0.004940
77     60     1.112360 5.000000 0.036855
96     41     1.161290 5.000000 0.059170
43     95     1.209424 5.000000 0.010640
63     75     1.192308 5.000000 0.003782
71     67     1.435897 17.000000 0.000832
57     81     1.133475 9.000000 0.003284
79     59     1.266272 5.000000 0.008534
47     91     12.000000 11.000000 0.001213
86     52     1.093999 5.000000 0.023723
60     78     5.400000 22.000000 0.003479
74     64     1.384615 5.000000 0.001626
88     50     2.269231 11.000000 0.710059
89     49     1.340909 5.000000 0.013983
77     61     1.158273 11.000000 0.003786
84     54     1.141227 11.000000 0.017825
80     58     1.833333 10.000000 0.001970
78     61     1.155367 5.000000 0.008207
96     43     1.687500 5.000000 0.005264
57     82     1.153115 5.000000 0.015312
44     95     1.390533 11.000000 0.002571
76     63     3.000000 11.000000 0.001905
59     80     1.756757 7.000000 0.002710
51     88     1.357143 5.000000 0.002068
86     53     1.434783 5.000000 0.020666
50     89     1.070102 5.000000 0.026742
54     85     1.315789 6.000000 1.666667
57     83     1.142544 5.000000 0.006338
97     43     1.185185 5.000000 0.009708
49     91     1.386740 5.000000 0.007042
93     47     5.400000 22.000000 0.000884
46     94     2.047619 11.000000 0.000613
72     68     1.091025 5.000000 0.023657
85     55     1.461538 6.000000 0.003030
92     48     1.088580 5.000000 0.041637
59     81     1.077922 5.000000 0.009681
77     63     1.069142 6.000000 0.007046
54     86     16.000000 5.000000 0.008003
44     96     1.194805 12.000000 0.003622
95     45     1.594595 11.000000 0.021575
78     63     1.155211 10.000000 0.005743
80     61     1.330827 11.000000 0.007620
95     46     1.242967 5.000000 0.011513
94     47     2.169811 31.000000 0.001188
74     67     1.095122 6.000000 0.006546
73     68     1.349462 5.000000 0.015312
51     90     1.697674 6.000000 0.003616
92     50     1.074940 5.000000 0.013727
81     61     1.373832 5.000000 0.006125
59     83     1.436364 16.000000 0.005937
57     85     1.120818 5.000000 0.006747
68     74     1.905594 37.000000 0.004938
96     46     1.319865 5.000000 0.018565
70     72     1.337423 11.000000 0.007640
49     93     1.084806 5.000000 0.044340
76     66     1.077778 5.000000 0.019631
89     53     1.717949 10.000000 0.007121
51     91     1.294118 5.000000 0.002534
57     86     1.286678 5.000000 0.013475
91     52     2.666667 5.000000 0.008532
66     77     1.105332 5.000000 0.020168
78     65     3.857143 10.000000 0.000661
97     46     1.549020 16.000000 0.004967
85     58     1.062874 5.000000 0.071282
84     59     1.185412 17.000000 0.013306
80     63     1.909091 5.000000 0.001980
83     61     1.155131 5.000000 0.018471
78     66     1.063364 5.000000 0.008006
81     63     1.595238 5.000000 0.001962
95     49     1.165289 5.000000 0.008119
89     55     17.000000 16.000000 0.001729
84     60     3.008475 79.000000 0.083333
54     90     1.073388 6.000000 0.064013
86     58     3.833333 17.000000 0.013378
57     88     1.122360 5.000000 0.026281
62     83     3.937500 47.000000 0.002632
59     86     2.137931 11.000000 0.004249
54     91     1.405405 5.000000 0.002250
78     67     1.246575 6.000000 0.001079
51     94     1.048323 5.000000 0.012369
96     49     1.666667 5.000000 0.018864
65     80     2.666667 5.000000 0.000868
56     89     1.150171 11.000000 0.125000
92     53     1.#INF00 5.000000 0.010830
76     69     1.947368 6.000000 0.003896
85     61     2.333333 16.000000 0.000949
80     66     2.033333 31.000000 0.005766
63     83     1.217391 5.000000 0.004303
89     57     1.500000 11.000000 0.002029
92     54     1.071656 5.000000 0.036749
88     58     1.315789 6.000000 0.020747
86     61     1.057303 5.000000 0.058508
57     90     1.432432 16.000000 0.001898
59     88     1.154242 5.000000 0.005366
81     66     1.082418 5.000000 0.004243
56     91     2.250000 5.000000 0.000900
95     52     1.138522 5.000000 0.014938
79     68     1.076046 5.000000 0.008456
96     51     2.333333 5.000000 0.008326
80     67     1.555556 5.000000 0.009102
78     69     1.833333 5.000000 0.008403
84     63     1.166667 5.000000 0.689655
57     91     1.069658 5.000000 0.065834
85     63     1.520833 5.000000 0.002059
62     86     24.200000 58.000000 0.013944
95     53     1.227074 5.000000 0.026206
96     52     1.077674 5.000000 0.035166
97     51     1.067958 5.000000 0.044870
54     94     1.780488 16.000000 0.003722
66     82     1.080000 5.000000 0.032059
65     83     1.179348 11.000000 0.016837
59     89     1.260870 6.000000 0.042388
86     63     1.205011 5.000000 0.007452
59     90     2.047619 11.000000 0.001782
96     53     3.142857 5.000000 0.004432
73     76     1.148699 5.000000 0.009913
71     78     1.606061 5.000000 0.012489
74     75     34.000000 11.000000 0.002455
72     77     1.121212 5.000000 0.008024
54     95     3.500000 10.000000 0.002911
82     67     1.060282 5.000000 0.032801
80     69     1.390625 5.000000 0.003629
57     93     1.120540 5.000000 0.048150
59     91     1.267748 11.000000 0.005261
89     61     1.585366 6.000000 0.001648
83     67     1.104400 5.000000 0.016157
95     55     2.375000 11.000000 0.001258
85     65     1.568966 11.000000 0.001279
71     79     11.000000 5.000000 0.002222
63     87     1.060827 5.000000 0.032796
66     84     1.100402 5.000000 0.017490
96     55     1.337079 5.000000 0.002986
63     88     1.102498 5.000000 0.016442
94     57     1.692308 6.000000 0.001856
92     59     1.077897 5.000000 0.026342
90     61     6.500000 22.000000 0.001224
92     60     1.591241 27.000000 0.001833
59     93     1.360000 11.000000 0.005943
57     95     1.797468 21.000000 0.001190
91     61     1.163934 5.000000 0.006755
84     68     1.155325 5.000000 0.011649
85     67     1.280374 5.000000 0.004941
75     77     2.909091 21.000000 0.002597
62     91     1.532258 11.000000 0.002397
95     58     1.373134 5.000000 0.003411
78     75     1.103448 5.000000 0.004326
66     87     1.100548 5.000000 0.056845
80     73     1.252149 11.000000 0.009300
63     90     1.661765 15.000000 0.003829
74     79     1.057143 5.000000 0.001891
59     95     1.260870 6.000000 0.001177
71     83     1.179104 10.000000 0.004958
57     97     1.192308 5.000000 0.011951
69     85     1.128571 6.000000 0.012407
68     86     1.266129 11.000000 0.512821
91     63     4.000000 21.000000 0.001814
74     80     1.246575 6.000000 0.005290
76     78     1.900000 18.000000 0.008286
96     58     2.714286 6.000000 0.011363
73     81     1.103306 5.000000 0.006160
72     82     1.331034 16.000000 0.014565
83     72     1.217391 5.000000 0.002504
80     75     1.325000 5.000000 0.006940
62     93     1.423077 11.000000 0.006807
76     79     1.092131 6.000000 0.011586
66     89     1.309496 11.000000 0.014471
65     90     1.606061 10.000000 0.005149
86     69     3.000000 26.000000 0.019336
97     58     2.000000 11.000000 0.002073
59     96     1.145161 6.000000 0.003487
92     63     1.189873 6.000000 0.004996
73     82     1.210084 5.000000 0.026551
90     66     1.203008 27.000000 0.150754
83     73     2.391304 16.000000 0.346821
81     75     1.151099 5.000000 0.004536
95     61     1.122574 5.000000 0.034391
71     85     1.362319 5.000000 0.008863
63     93     1.222222 6.000000 0.002362
89     67     1.098967 5.000000 0.011134
77     79     1.410959 5.000000 0.002715
68     88     1.#INF00 26.000000 0.002077
72     84     1.131965 10.000000 0.009591
59     97     1.437500 7.000000 0.002710
82     74     2.066667 32.000000 0.011805
65     91     5.428571 31.000000 0.019367
96     61     1.133365 5.000000 0.047445
71     86     1.138504 5.000000 0.008007
91     66     1.125698 5.000000 0.005943
74     83     2.666667 5.000000 0.004460
88     69     1.397590 11.000000 0.003395
70     87     1.520325 32.000000 0.005906
73     84     1.203252 5.000000 0.006197
82     75     3.047619 43.000000 0.652174
78     79     1.263158 5.000000 0.019157
86     72     1.058394 12.000000 0.072780
95     63     1.086018 5.000000 0.025484
97     61     1.121212 6.000000 0.021810
76     82     1.181034 21.000000 0.139752
91     67     1.297030 10.000000 0.001131
78     80     1.064806 5.000000 0.028281
70     88     2.250000 5.000000 0.566038
83     75     2.259259 17.000000 0.000926
86     73     3.000000 5.000000 0.000787
71     88     1.#INF00 16.000000 0.004307
96     63     1.115101 5.000000 0.012341
62     97     1.188679 5.000000 0.013944
95     64     2.176471 5.000000 0.002712
76     83     1.376812 26.000000 0.031088
72     87     1.092593 5.000000 0.085300
65     94     1.736842 21.000000 0.002046
85     74     1.217391 5.000000 0.000866
90     69     1.481203 16.000000 0.055590
66     93     2.666667 5.000000 2.142857
85     75     1.096263 5.000000 0.044346
86     74     3.142857 5.000000 0.002779
76     84     1.169039 5.000000 0.009500
79     81     1.375000 5.000000 0.004272
63     97     9.000000 68.000000 0.000565
73     87     1.103093 6.000000 0.023064
91     69     2.388889 5.000000 0.002686
92     68     1.147601 5.000000 0.025674
94     66     1.909091 5.000000 0.001733
86     75     1.288066 5.000000 0.005935
71     90     1.093613 6.000000 0.043154
77     84     1.099532 5.000000 0.016607
94     67     1.093750 6.000000 0.015689
76     85     1.181480 11.000000 0.019192
95     66     1.836364 23.000000 0.000706
83     78     1.114723 5.000000 0.006649
72     89     1.151324 5.000000 0.014734
96     65     1.098361 6.000000 0.004452
81     80     1.304878 5.000000 0.013962
79     82     1.104603 5.000000 0.023576
71     91     1.151515 5.000000 0.002193
74     88     1.261011 10.000000 0.008108
96     66     1.775862 15.000000 0.001142
76     86     1.191781 6.000000 0.004385
73     89     1.072134 5.000000 0.023840
65     97     1.833333 5.000000 0.001342
95     67     1.123457 5.000000 0.001495
83     79     1.235507 5.000000 0.011387
88     75     1.254692 5.000000 0.007966
81     82     1.609756 5.000000 0.018019
96     67     1.220588 5.000000 0.003864
80     83     1.114787 5.000000 0.016709
78     85     1.116732 5.000000 0.020782
94     69     1.647059 11.000000 0.002528
77     86     1.211268 5.000000 0.002239
78     86     1.158824 6.000000 0.003266
71     93     1.137931 5.000000 0.010532
81     83     1.108401 5.000000 0.006576
89     75     1.074062 5.000000 0.061003
97     67     1.051110 5.000000 0.043543
76     88     1.454545 5.000000 0.116845
91     73     1.292683 6.000000 0.003792
74     90     1.916667 11.000000 0.004416
85     79     1.312500 10.000000 0.007411
83     82     5.000000 32.000000 0.909091
85     80     1.197368 5.000000 0.003660
71     94     1.126984 10.000000 0.004577
74     91     2.666667 5.000000 0.000867
77     88     1.114416 5.000000 0.012950
96     69     1.566038 5.000000 0.005474
86     79     1.190985 5.000000 0.037919
84     81     1.109290 5.000000 0.009566
90     75     1.143266 5.000000 0.008730
78     88     1.326087 10.000000 0.002144
81     85     1.331633 5.000000 0.005310
80     86     1.122863 5.000000 0.009736
71     95     1.065495 5.000000 0.058026
91     75     1.154350 5.000000 0.014972
79     87     1.092486 8.000000 0.004714
76     90     1.581395 5.000000 0.002928
69     97     1.241206 6.000000 0.005308
77     89     1.089005 5.000000 0.013910
73     93     1.500000 12.000000 0.004640
84     82     1.451613 10.000000 0.027127
95     72     1.066802 6.000000 0.191327
76     91     1.115789 5.000000 0.005918
89     78     1.094340 5.000000 0.007360
86     81     1.386935 22.000000 0.004606
88     79     1.875000 21.000000 0.001853
71     96     5.000000 42.000000 0.008592
82     85     2.000000 21.000000 0.006004
80     87     1.804878 11.000000 0.011944
92     76     1.121528 5.000000 0.003677
85     83     1.099099 5.000000 0.003735
78     90     1.200730 10.000000 0.003734
86     82     1.121951 5.000000 0.026801
95     73     2.500000 6.000000 0.001394
71     97     4.000000 6.000000 0.001807
77     91     1.097087 5.000000 0.004927
74     94     2.222222 11.000000 0.001123
89     79     1.442529 11.000000 0.004739
80     88     1.363636 5.000000 0.006541
75     93     1.079365 5.000000 0.014424
92     77     1.093917 6.000000 0.012046
86     83     1.138942 5.000000 0.021218
78     91     1.238095 5.000000 0.004159
81     88     1.141089 5.000000 0.022648
96     73     1.108225 5.000000 0.006005
94     75     1.158416 6.000000 0.003592
74     95     1.109223 6.000000 0.007245
76     93     1.164384 6.000000 0.000987
90     79     1.461538 3.000000 2.222222
80     90     1.523810 6.000000 0.004969
79     91     2.250000 5.000000 0.000596
96     74     13.000000 6.000000 0.000971
95     75     1.300000 5.000000 0.004339
77     93     1.065147 5.000000 0.004602
83     87     1.166667 5.000000 0.004068
82     88     1.526749 32.000000 0.003389
81     90     1.141921 5.000000 0.010103
85     86     1.143811 5.000000 0.022234
80     91     1.041432 5.000000 0.041652
96     75     1.289017 5.000000 0.004474
78     93     1.118310 6.000000 0.012519
97     74     1.687500 11.000000 0.001016
84     87     1.147849 5.000000 0.085507
95     76     1.119048 5.000000 0.003745
97     75     1.207254 5.000000 0.003297
89     83     1.251799 5.000000 0.002987
78     94     2.200000 6.000000 0.000526
81     91     1.276498 5.000000 0.006168
82     90     1.666667 6.000000 0.003785
85     87     1.394737 5.000000 0.002524
83     90     1.208955 7.000000 0.002362
80     93     1.096567 5.000000 0.005458
91     82     4.666667 11.000000 0.003284
88     85     1.147239 6.000000 0.003449
78     95     1.370370 5.000000 0.003742
76     97     1.042773 5.000000 0.043771
92     81     1.127374 6.000000 0.015637
83     91     1.122516 5.000000 0.027037
86     88     1.134849 5.000000 0.030658
89     85     2.363636 5.000000 0.002883
81     93     1.231959 5.000000 0.004112
96     78     2.250000 5.000000 0.008228
95     79     1.176305 5.000000 0.037797
80     94     1.155172 6.000000 0.002894
92     82     1.140725 6.000000 0.025834
80     95     1.340136 10.000000 0.005196
78     97     1.090412 5.000000 0.021100
89     86     1.211268 5.000000 0.003920
96     79     1.178571 5.000000 0.038554
90     85     2.466667 22.000000 0.017009
86     90     1.147059 5.000000 0.001795
83     93     1.232558 5.000000 0.010434
85     91     1.074582 5.000000 0.036564
96     80     1.232633 12.000000 0.006742
95     81     1.063731 5.000000 0.007153
92     84     1.774648 5.000000 0.012877
95     82     1.126812 5.000000 0.003724
91     86     1.146805 5.000000 0.008020
80     97     1.048366 5.000000 0.036551
96     81     1.090828 6.000000 0.011333
94     83     1.409231 19.000000 0.003462
89     88     1.132730 11.000000 0.004168
90     88     1.475728 7.000000 0.002290
96     82     1.111597 6.000000 0.029097
95     83     1.088365 5.000000 0.005522
81     97     1.140306 5.000000 0.005012
86     93     1.085257 5.000000 0.040064
83     96     1.220264 5.000000 0.003473
89     90     1.097505 5.000000 0.062451
91     88     1.273973 5.000000 0.002906
94     85     1.086042 5.000000 0.012994
89     91     1.330189 5.000000 0.002602
97     83     1.731707 10.000000 0.002481
85     95     1.096450 5.000000 0.056302
96     84     1.#INF00 6.000000 0.000837
86     94     1.210526 6.000000 0.001337
92     89     1.052655 5.000000 0.012887
90     91     1.218631 5.000000 0.008246
86     95     1.492126 5.000000 0.010398
96     85     1.297030 5.000000 0.007707
94     87     1.213034 16.000000 0.018331
94     88     1.043860 1.000000 0.004117
96     86     1.133718 5.000000 0.039712
89     93     1.370370 5.000000 0.002045
97     85     1.254425 5.000000 0.010518
95     88     1.191755 5.000000 0.012308
89     94     11.000000 5.000000 0.001428
94     90     1.082873 5.000000 0.008126
96     88     1.135032 5.000000 0.041626
91     93     1.192308 5.000000 0.001739
97     87     1.116859 6.000000 0.029326
94     91     1.055814 6.000000 0.000706
95     90     1.392857 11.000000 0.002526
95     91     1.091502 5.000000 0.025754
96     90     3.058824 10.000000 0.004103
94     93     1.033816 1.000000 0.004234
96     91     1.085385 5.000000 0.054223
97     90     1.148699 5.000000 0.007068
95     93     1.087789 5.000000 0.028803
97     91     1.288462 5.000000 0.001463
96     93     1.149626 5.000000 0.048628
94     95     1.373832 5.000000 0.003999
96     94     1.440000 11.000000 0.001323
96     95     1.243309 5.000000 0.008800
94     97     1.238908 21.000000 0.004621
95     97     1.281250 5.000000 0.004023
96     97     1.266106 5.000000 0.008836
